time,open,high,low,close,vol
20180131000000,0.10585,0.11085,0.10419,0.10917,43986.04594649994
20180130000000,0.1046,0.10822999999999999,0.1023,0.10586,64808.073787099886
20180129000000,0.1052,0.10570999999999998,0.1031,0.1046,48248.88029679996
20180128000000,0.0975,0.1052,0.096855,0.1052,54468.27714040005
20180127000000,0.09462000000000001,0.09775,0.094057,0.0975,27237.566339500016
20180126000000,0.094081,0.097099,0.09182,0.09461699999999999,39101.72320750014
20180125000000,0.09324199999999999,0.09527000000000001,0.09286,0.094082,47052.09444000005
20180124000000,0.09094,0.094,0.090294,0.093225,47381.05717910001
20180123000000,0.092399,0.092646,0.08900000000000001,0.090793,32216.827326800027
20180122000000,0.091081,0.092885,0.090463,0.09226000000000001,41465.33487800006
20180121000000,0.090049,0.092933,0.089501,0.091063,31097.411305400023
20180120000000,0.090005,0.091468,0.08776,0.090039,34309.85869799999
20180119000000,0.09022999999999999,0.092021,0.089422,0.090039,44061.87782500004
20180118000000,0.091454,0.092316,0.08802,0.09020700000000001,52804.678602800035
20180117000000,0.092083,0.0943,0.082901,0.091454,119909.05018000005
20180116000000,0.094,0.096,0.0855,0.092163,114543.50871700003
20180115000000,0.099553,0.10096000000000001,0.09069400000000001,0.094,57804.91406399996
20180114000000,0.097329,0.09992000000000001,0.095081,0.099574,42248.370721200015
20180113000000,0.09118,0.10049,0.0891,0.097317,56082.48009099992
20180112000000,0.08566599999999999,0.091948,0.084332,0.091267,56089.248289999916
20180111000000,0.083893,0.091548,0.083597,0.085681,83248.80523900004
20180110000000,0.089214,0.09751900000000001,0.08277000000000001,0.083598,164173.08236000012
20180109000000,0.075687,0.091,0.075565,0.08922999999999999,104843.98571699989
20180108000000,0.068996,0.07850900000000001,0.0501,0.07549299999999999,157400.01008599988
20180107000000,0.058629999999999995,0.069,0.058039999999999994,0.068998,88288.567263
20180106000000,0.056884000000000004,0.061332000000000005,0.055929999999999994,0.058629999999999995,73232.04361200007
20180105000000,0.062184,0.068299,0.05505,0.05694400000000001,146502.34366199997
20180104000000,0.06216,0.068569,0.059708000000000004,0.06217999999999999,134607.6943700002
20180103000000,0.058254999999999994,0.063965,0.056473,0.062202999999999994,89172.23925900004
20180102000000,0.056254,0.065544,0.053604,0.058347,146828.39870399988
20180101000000,0.053458000000000006,0.057,0.05341,0.056313,67250.69294480004
