time,open,high,low,close,vol
20180430230000,0.07235,0.07255,0.07205700000000001,0.07255,536.9577044
20180430220000,0.072604,0.07264,0.07212,0.07235,537.1399015999998
20180430210000,0.072529,0.07272999999999999,0.07221699999999999,0.07260499999999999,1013.746633
20180430200000,0.07284600000000001,0.07285900000000001,0.07233300000000001,0.072529,1144.2955530000002
20180430190000,0.07313,0.07313,0.07278,0.07284600000000001,660.067237
20180430180000,0.072962,0.073265,0.07279,0.07311000000000001,754.0599437000002
20180430170000,0.07327,0.07327,0.072866,0.072989,544.6212718000002
20180430160000,0.073412,0.07349,0.07322100000000001,0.073236,409.362872
20180430150000,0.073429,0.073551,0.073412,0.073412,806.0248589999999
20180430140000,0.07384099999999999,0.07384500000000001,0.07332899999999999,0.073429,450.4905591000003
20180430130000,0.073922,0.074113,0.07381599999999999,0.07384199999999999,305.0813599
20180430120000,0.07393,0.07435,0.07382000000000001,0.07387,818.8247274999999
20180430110000,0.074487,0.0745,0.07393,0.07393,1640.3141499999997
20180430100000,0.0746,0.07468,0.074211,0.07443,571.4581788
20180430090000,0.074502,0.075,0.0744,0.07459,1458.2042710000003
20180430080000,0.073475,0.07454,0.07345,0.074502,2103.1703438999994
20180430070000,0.073407,0.073559,0.073061,0.0735,1018.6709810000002
20180430060000,0.07347100000000001,0.073542,0.073186,0.073422,581.9871633
20180430050000,0.0734,0.073588,0.07334500000000001,0.073401,519.4917289999999
20180430040000,0.07312,0.073449,0.073114,0.0734,353.6250528999999
20180430030000,0.0735,0.073501,0.072812,0.073121,845.5205658000003
20180430020000,0.073532,0.0736,0.073421,0.0735,500.8998128
20180430010000,0.07356,0.073599,0.07337,0.073532,280.7512888000001
20180430000000,0.073299,0.07359,0.07322999999999999,0.07356,744.5443626
20180429230000,0.073209,0.07339,0.07318200000000001,0.073265,222.46398050000005
20180429220000,0.073042,0.07325,0.072872,0.073124,366.33280540000004
20180429210000,0.072969,0.073085,0.072866,0.073008,145.3914906
20180429200000,0.07291,0.073163,0.072698,0.07308300000000001,392.95179129999997
20180429190000,0.072857,0.073101,0.07274,0.072911,302.4325012
20180429180000,0.07285,0.073014,0.072849,0.072851,510.76195780000006
20180429170000,0.07258099999999999,0.07285,0.0725,0.07285,529.1658247
20180429160000,0.073094,0.073144,0.07257999999999999,0.072645,733.5702259000001
20180429150000,0.07317799999999999,0.073241,0.07297999999999999,0.07309500000000001,211.31364360000003
20180429140000,0.07334500000000001,0.073409,0.07312,0.073184,389.1198939
20180429130000,0.07298400000000001,0.073604,0.07285,0.073362,457.1609227
20180429120000,0.07278899999999999,0.073117,0.07262,0.07299800000000001,399.3472407999997
20180429110000,0.073015,0.073015,0.072719,0.07278899999999999,649.0807493000001
20180429100000,0.073429,0.0735,0.07247,0.073049,1757.1781641999999
20180429090000,0.072541,0.0735,0.07221,0.0734,1012.2107189999999
20180429080000,0.07334500000000001,0.0734,0.072405,0.072531,562.328805
20180429070000,0.073258,0.0735,0.073233,0.07334,682.4071087
20180429060000,0.073301,0.073429,0.073254,0.07328,470.7316668000001
20180429050000,0.07322000000000001,0.07342,0.073163,0.07332999999999999,284.3873216
20180429040000,0.073352,0.073352,0.073136,0.07325599999999999,444.8067746
20180429030000,0.073273,0.073352,0.073114,0.073352,543.4399569999999
20180429020000,0.073391,0.07342,0.073041,0.073276,581.021281
20180429010000,0.073298,0.07342,0.07319500000000001,0.073396,685.2696136
20180429000000,0.073081,0.073325,0.07302,0.073324,552.2304627
20180428230000,0.07334500000000001,0.073403,0.06674,0.073091,8886.486253700006
20180428220000,0.07306599999999999,0.073415,0.073063,0.07334299999999999,175.11253399000003
20180428210000,0.073255,0.07325599999999999,0.07270499999999999,0.0731,2570.423454200002
20180428200000,0.073196,0.07327,0.073051,0.073254,309.7325404
20180428190000,0.073257,0.073335,0.07317,0.07319099999999999,190.37455
20180428180000,0.073389,0.073775,0.073246,0.07328,1530.1644014999988
20180428170000,0.073239,0.073435,0.07317799999999999,0.073389,489.03263389999995
20180428160000,0.073415,0.073434,0.07310599999999999,0.073239,232.7855055
20180428150000,0.073541,0.073541,0.07299,0.073415,309.996991
20180428140000,0.07358300000000001,0.073644,0.073351,0.073537,503.2924074000002
20180428130000,0.073587,0.073907,0.073341,0.073644,2781.2137585000005
20180428120000,0.073514,0.073693,0.07321,0.07358200000000001,906.5322286
20180428110000,0.073576,0.07358300000000001,0.073251,0.07356599999999999,494.2752093999999
20180428100000,0.073397,0.073827,0.07336000000000001,0.073574,638.6479012
20180428090000,0.07291900000000001,0.0734,0.072821,0.073393,751.2063048999999
20180428080000,0.07337,0.073781,0.07266399999999999,0.07287,2561.13992
20180428070000,0.07324299999999999,0.073499,0.073179,0.073362,634.4088965999999
20180428060000,0.0729,0.07336799999999999,0.072883,0.073238,753.2328610000002
20180428050000,0.07280199999999999,0.07295700000000001,0.072801,0.072909,114.70785579999999
20180428040000,0.072889,0.072953,0.0727,0.07280299999999999,123.01205389999998
20180428030000,0.07269099999999999,0.07305700000000001,0.072687,0.072909,257.6614259000001
20180428020000,0.073161,0.07322999999999999,0.07259,0.072697,664.4174306
20180428010000,0.07276,0.073189,0.07268,0.07315,386.0310533000001
20180428000000,0.072112,0.072801,0.07205299999999999,0.07278899999999999,535.2533988000001
20180427230000,0.0724,0.0726,0.07191,0.072107,412.8753888999999
20180427220000,0.07202,0.07245900000000001,0.07184,0.07245900000000001,214.34078639999998
20180427210000,0.072301,0.072418,0.071973,0.07207000000000001,383.13766300000015
20180427200000,0.0725,0.072525,0.071909,0.072297,1168.191310899999
20180427190000,0.072976,0.07315,0.0725,0.0725,730.4138077
20180427180000,0.07332999999999999,0.07342,0.07292,0.072975,525.3548420000001
20180427170000,0.073102,0.073482,0.073072,0.073245,757.5339497
20180427160000,0.07295399999999999,0.073244,0.072949,0.073181,402.6793342
20180427150000,0.073414,0.073414,0.072821,0.07296,1212.8333200000002
20180427140000,0.07304,0.073469,0.07266900000000001,0.073413,1702.729859
20180427130000,0.07333300000000001,0.07336000000000001,0.072526,0.073042,1032.24332
20180427120000,0.07303899999999999,0.07357000000000001,0.073037,0.073322,747.2563828000002
20180427110000,0.072783,0.073099,0.072647,0.073038,572.6606242999999
20180427100000,0.072399,0.07311000000000001,0.07234600000000001,0.072768,2209.5605799999994
20180427090000,0.07159,0.0724,0.07151,0.0724,2111.2794650000005
20180427080000,0.07114,0.071589,0.071123,0.071541,900.2758713000001
20180427070000,0.07113799999999999,0.07114,0.070975,0.07114,470.98731640000005
20180427060000,0.070895,0.071139,0.07083500000000001,0.071139,884.2788470000003
20180427050000,0.071109,0.071115,0.070885,0.07094500000000001,865.2023280000002
20180427040000,0.07107999999999999,0.07112,0.070838,0.07112,553.975067
20180427030000,0.071201,0.07126,0.07107999999999999,0.07107999999999999,720.6631155
20180427020000,0.071384,0.071475,0.07119400000000001,0.07119400000000001,733.7776158999999
20180427010000,0.07118200000000001,0.071384,0.071162,0.071384,283.52164000000005
20180427000000,0.071369,0.07143,0.071175,0.071175,696.3384059999998
20180426230000,0.07168,0.071747,0.07136,0.07137,451.45899999999966
20180426220000,0.071176,0.07177,0.071148,0.071599,828.2144402999998
20180426210000,0.071075,0.071453,0.071022,0.071229,659.5122508
20180426200000,0.071012,0.0711,0.0707,0.0711,1086.1527067000004
20180426190000,0.071299,0.0713,0.07101,0.07101299999999999,347.9263582
20180426180000,0.071457,0.07155399999999999,0.07122200000000001,0.071293,336.1628264
20180426170000,0.071546,0.07165,0.071354,0.071548,481.88938900000005
20180426160000,0.07132000000000001,0.071578,0.071202,0.071532,420.295483
20180426150000,0.071369,0.071469,0.07115199999999999,0.07132000000000001,468.21875499999993
20180426140000,0.071543,0.07191,0.07126,0.071379,1443.6116819999997
20180426130000,0.071535,0.071649,0.071246,0.071543,615.2684740000001
20180426120000,0.071399,0.07162,0.071332,0.071573,1031.1236527
20180426110000,0.07130800000000001,0.071399,0.071132,0.071399,297.3869908
20180426100000,0.071146,0.0713,0.07096799999999999,0.0713,746.6710040000003
20180426090000,0.07121,0.071604,0.07096000000000001,0.071154,1340.0855380000005
20180426080000,0.071366,0.07161000000000001,0.07106599999999999,0.07121,1325.5067748000004
20180426070000,0.070241,0.071411,0.07020499999999999,0.071366,2461.4725949000003
20180426060000,0.071042,0.071391,0.069352,0.070207,6273.664476999998
20180426050000,0.070719,0.071199,0.070681,0.071034,1219.8409669999999
20180426040000,0.070116,0.070727,0.070116,0.07072,964.7230951
20180426030000,0.070113,0.070336,0.07010599999999999,0.070113,527.1655079000001
20180426020000,0.06996799999999999,0.07026900000000001,0.069869,0.070186,373.51206890000003
20180426010000,0.069617,0.070141,0.069577,0.069961,439.5612395999999
20180426000000,0.069619,0.069754,0.069016,0.069754,1247.3518430000001
20180425230000,0.069604,0.069739,0.069151,0.069619,1143.3412469
20180425220000,0.070675,0.070712,0.069569,0.069605,893.9122883999996
20180425210000,0.07020900000000001,0.071,0.07019199999999999,0.070674,405.96790039999996
20180425200000,0.070111,0.07045,0.069999,0.070173,1407.2215309999997
20180425190000,0.070011,0.070257,0.06982000000000001,0.070134,441.85923039999983
20180425180000,0.070029,0.07035,0.06978,0.070061,462.9619056
20180425170000,0.069145,0.070314,0.069145,0.069991,1185.1351971000004
20180425160000,0.069319,0.069351,0.068473,0.069143,527.5052734999999
20180425150000,0.06858600000000001,0.069346,0.067995,0.069259,1871.6024684999995
20180425140000,0.06821,0.06863999999999999,0.067631,0.06858600000000001,3425.42963
20180425130000,0.06883,0.069243,0.067726,0.068217,1348.5108249999998
20180425120000,0.068773,0.069398,0.06874,0.068761,648.9630902000001
20180425110000,0.06780900000000001,0.0689,0.067597,0.068732,1849.9434129999997
20180425100000,0.068596,0.06863999999999999,0.066467,0.067815,2582.6267799999996
20180425090000,0.068704,0.069349,0.06855800000000001,0.068583,1359.6462009999998
20180425080000,0.070163,0.070313,0.068717,0.068717,1839.185893
20180425070000,0.070302,0.070641,0.069803,0.070146,848.5667010000001
20180425060000,0.07017899999999999,0.0706,0.070003,0.070257,1215.348173
20180425050000,0.068728,0.070425,0.068728,0.070161,2493.04804
20180425040000,0.069913,0.07044,0.068587,0.068727,6630.251493000001
20180425030000,0.07148,0.071612,0.06977799999999999,0.069928,2190.2377599999995
20180425020000,0.072175,0.072267,0.071451,0.071451,1120.0329649999999
20180425010000,0.07168,0.072368,0.071251,0.072187,854.3281130000003
20180425000000,0.072864,0.07296,0.07123,0.07171,2540.2367130000002
20180424230000,0.073649,0.073779,0.072507,0.072821,1522.8308900000002
20180424220000,0.074439,0.074439,0.07334700000000001,0.073687,1982.3592850000002
20180424210000,0.074647,0.0747,0.074268,0.07436,1109.3276299999998
20180424200000,0.075026,0.075068,0.074202,0.074677,1355.7983240000003
20180424190000,0.075278,0.075443,0.07487,0.075028,1001.9548751000002
20180424180000,0.075336,0.0754,0.07488099999999999,0.075275,936.9135809999999
20180424170000,0.074823,0.075519,0.074823,0.075333,1900.3885039999993
20180424160000,0.074912,0.07542,0.074173,0.074878,3372.8808010000016
20180424150000,0.075295,0.07544,0.074803,0.074909,979.044191
20180424140000,0.074893,0.075529,0.074641,0.075295,1378.9899200000002
20180424130000,0.074837,0.0756,0.074722,0.074894,2660.465466000001
20180424120000,0.074062,0.074851,0.074042,0.07482,1756.6724000000004
20180424110000,0.07400000000000001,0.074279,0.07399700000000001,0.074026,2094.0564980000004
20180424100000,0.07368200000000001,0.07400000000000001,0.07361000000000001,0.07400000000000001,1369.9439680000003
20180424090000,0.07371799999999999,0.07382999999999999,0.073599,0.073709,953.175806
20180424080000,0.073545,0.0738,0.07322999999999999,0.07372999999999999,773.0016830000004
20180424070000,0.073352,0.07355,0.07292,0.073546,555.294144
20180424060000,0.073652,0.073739,0.073107,0.073364,594.0368460000001
20180424050000,0.07357899999999999,0.073895,0.073322,0.073638,1199.2273610000002
20180424040000,0.072719,0.073661,0.072672,0.073577,1283.0548650000003
20180424030000,0.07274,0.072788,0.072479,0.072661,1355.1247518000007
20180424020000,0.07292799999999999,0.072999,0.072648,0.072769,539.576302
20180424010000,0.072131,0.072949,0.07200000000000001,0.07292799999999999,1910.0628312999995
20180424000000,0.072043,0.072349,0.071918,0.072131,7654.704405000005
20180423230000,0.07207100000000001,0.07211000000000001,0.07200000000000001,0.072108,1216.0900359999998
20180423220000,0.071765,0.072101,0.07172100000000001,0.07206699999999999,1331.1097621000001
20180423210000,0.071614,0.07188,0.071614,0.071747,478.25733610000003
20180423200000,0.071926,0.07196699999999999,0.071533,0.071614,225.56581319999998
20180423190000,0.07200000000000001,0.07219,0.071779,0.071926,508.2946100999999
20180423180000,0.071668,0.07200000000000001,0.071602,0.07200000000000001,782.1159390999998
20180423170000,0.0723,0.072312,0.071653,0.071653,1224.0034303000004
20180423160000,0.07251,0.0726,0.0722,0.0723,658.9544946000001
20180423150000,0.07235599999999999,0.072543,0.072341,0.07248500000000001,1194.3184910999996
20180423140000,0.072381,0.072381,0.072174,0.072314,1132.3126899999997
20180423130000,0.072098,0.0724,0.072022,0.072381,2033.8195700000008
20180423120000,0.07144600000000001,0.072153,0.071399,0.07209600000000001,1547.9468710000003
20180423110000,0.07157899999999999,0.0716,0.07143300000000001,0.071448,431.25598070000007
20180423100000,0.07159700000000001,0.071648,0.07132000000000001,0.071578,632.7311892000004
20180423090000,0.071618,0.07170399999999999,0.071365,0.07159700000000001,1140.1690614999998
20180423080000,0.07171,0.071814,0.07143300000000001,0.071636,540.4771178
20180423070000,0.071701,0.071885,0.07152,0.07158400000000001,1015.4259700000001
20180423060000,0.07149900000000001,0.07177,0.07146799999999999,0.07168300000000001,795.5353160000003
20180423050000,0.07132899999999999,0.07156799999999999,0.07132899999999999,0.0715,448.39654989999997
20180423040000,0.071703,0.071769,0.07131,0.071323,371.28006249999993
20180423030000,0.071489,0.07181,0.07147,0.071689,897.2443229
20180423020000,0.071311,0.071591,0.071102,0.071505,759.6844910000001
20180423010000,0.071276,0.0716,0.071201,0.071311,900.4515299999999
20180423000000,0.07061,0.07135,0.070533,0.07119,557.7846994999999
20180422230000,0.071238,0.07128999999999999,0.070389,0.07070900000000001,3069.4997194999983
20180422220000,0.07145900000000001,0.07166900000000001,0.071145,0.07124,674.2805994
20180422210000,0.072012,0.07206,0.07140099999999999,0.071457,1177.5532390999997
20180422200000,0.071701,0.07219099999999999,0.07167000000000001,0.072012,1231.7258361
20180422190000,0.071635,0.071828,0.071561,0.071687,844.0891749999998
20180422180000,0.071784,0.0719,0.07153,0.071601,545.2769672
20180422170000,0.071232,0.071788,0.071232,0.071783,1148.4728505
20180422160000,0.07096000000000001,0.071239,0.07085,0.07123,880.6644830000002
20180422150000,0.071255,0.071256,0.07057999999999999,0.070977,968.7811500000003
20180422140000,0.070619,0.071327,0.07056799999999999,0.071255,2865.86104
20180422130000,0.070131,0.07062,0.070073,0.07062,881.6022336000001
20180422120000,0.070242,0.07048,0.069738,0.070131,1285.150596
20180422110000,0.069759,0.07031,0.069758,0.07025,1097.3460180000002
20180422100000,0.06942000000000001,0.069923,0.069353,0.06976,809.5862220999999
20180422090000,0.06965299999999999,0.06967000000000001,0.069233,0.06942000000000001,763.6182198000001
20180422080000,0.06899,0.06965,0.068915,0.069649,1112.2921732
20180422070000,0.068752,0.069,0.068719,0.068984,534.4491844999999
20180422060000,0.06865,0.068857,0.068343,0.068772,961.4845059999997
20180422050000,0.068399,0.06875,0.06838,0.0686,677.8694411999999
20180422040000,0.06811299999999999,0.0684,0.06805399999999999,0.0684,471.2384170000001
20180422030000,0.068049,0.06819800000000001,0.068022,0.068118,349.2626270000001
20180422020000,0.06763,0.06805,0.067618,0.068011,413.47030739999997
20180422010000,0.067402,0.06775,0.067077,0.067629,904.7380179999998
20180422000000,0.06785,0.067966,0.06735,0.06737,1200.176445
20180421230000,0.068508,0.06866799999999999,0.067552,0.067852,857.3576299999999
20180421220000,0.068675,0.068675,0.068266,0.068451,983.0463443999997
20180421210000,0.069009,0.06907,0.068662,0.06869,435.92874279999995
20180421200000,0.069287,0.06936,0.068663,0.069009,697.3164606999999
20180421190000,0.069242,0.069374,0.069117,0.06930900000000001,388.4972345
20180421180000,0.068996,0.069328,0.06892000000000001,0.069242,1137.6138120000003
20180421170000,0.068602,0.069027,0.0686,0.068959,533.7237600000001
20180421160000,0.069,0.0693,0.068364,0.0686,1432.817826
20180421150000,0.06819700000000001,0.06906799999999999,0.06819700000000001,0.069,639.0775419999999
20180421140000,0.067858,0.06834,0.067775,0.0682,443.05668360000016
20180421130000,0.067957,0.068017,0.067319,0.067889,652.438448
20180421120000,0.067372,0.06806,0.06726,0.06792100000000001,1379.6919599999994
20180421110000,0.067225,0.067567,0.066584,0.067373,2119.918829999999
20180421100000,0.067508,0.06797,0.0672,0.067259,900.9264250000001
20180421090000,0.068361,0.068749,0.067325,0.067592,1709.97095
20180421080000,0.069108,0.069242,0.068236,0.068361,1820.222231
20180421070000,0.069375,0.069399,0.069039,0.069109,797.7434020000001
20180421060000,0.068676,0.069385,0.06867000000000001,0.069384,424.2491517000001
20180421050000,0.068888,0.068909,0.068621,0.06869199999999999,637.1991631
20180421040000,0.068649,0.068925,0.068611,0.068888,796.0990557
20180421030000,0.0689,0.068905,0.068496,0.068602,2650.1836373000006
20180421020000,0.068647,0.068978,0.06841799999999999,0.0689,972.5074425999999
20180421010000,0.069235,0.069235,0.068317,0.068646,1498.8360190000003
20180421000000,0.069587,0.069708,0.069026,0.0693,3649.8840529999993
20180420230000,0.0696,0.06987,0.06939400000000001,0.06952,1499.6681985000002
20180420220000,0.070126,0.07125,0.06935,0.069606,3209.111937
20180420210000,0.0695,0.070253,0.069493,0.070125,1457.85504
20180420200000,0.069632,0.06965,0.069273,0.0695,997.9513210000001
20180420190000,0.069763,0.069819,0.069348,0.069638,1184.1139219999995
20180420180000,0.069298,0.069853,0.069267,0.06976399999999999,1867.28164
20180420170000,0.069236,0.069327,0.06916699999999999,0.069298,807.9919660000003
20180420160000,0.069165,0.069265,0.06894,0.069236,1083.8928994999999
20180420150000,0.069352,0.069477,0.06895,0.069175,1238.066478
20180420140000,0.068737,0.06942899999999999,0.068674,0.069336,835.6206443999997
20180420130000,0.0694,0.0694,0.068575,0.068703,1623.9506266
20180420120000,0.0692,0.0697,0.069102,0.0694,1452.5852796999998
20180420110000,0.068939,0.0692,0.0689,0.0692,1556.1424149999996
20180420100000,0.068901,0.06916,0.068464,0.06894,2212.5333542000008
20180420090000,0.06874,0.069,0.068513,0.0689,2700.9631900000013
20180420080000,0.068499,0.069255,0.068499,0.068729,1801.4956366000004
20180420070000,0.06872,0.069147,0.068176,0.0685,3096.5944420000005
20180420060000,0.068214,0.068858,0.068108,0.06872,1075.6678945
20180420050000,0.0681,0.06855,0.067737,0.06826,857.6657435999999
20180420040000,0.068781,0.06882200000000001,0.06794700000000001,0.0681,1855.7739079999997
20180420030000,0.0685,0.06915299999999999,0.068478,0.06877899999999999,1021.7912934000001
20180420020000,0.0699,0.07,0.06833099999999999,0.068589,4674.148520000001
20180420010000,0.069409,0.06999,0.0692,0.0699,936.4480229999999
20180420000000,0.068579,0.069499,0.068579,0.06942899999999999,1022.1013130000001
20180419230000,0.068021,0.0688,0.06791,0.068645,759.0158836
20180419220000,0.067887,0.068348,0.067887,0.06802000000000001,621.3956090000001
20180419210000,0.067372,0.0679,0.067245,0.067887,410.1898979999999
20180419200000,0.067634,0.067651,0.06728300000000001,0.067371,631.20422606
20180419190000,0.06738,0.067699,0.06714099999999999,0.067642,811.1137129999997
20180419180000,0.067838,0.06813,0.06736,0.067362,992.2993960000001
20180419170000,0.06729199999999999,0.06799,0.06727799999999999,0.067824,729.052514
20180419160000,0.06640800000000001,0.06742100000000001,0.06639,0.06729199999999999,1368.40673
20180419150000,0.066439,0.0665,0.066256,0.06639,477.3382470000001
20180419140000,0.066401,0.066482,0.066081,0.06644,1137.6196109999998
20180419130000,0.0659,0.06645,0.065868,0.06640599999999999,1460.229246
20180419120000,0.0653,0.06593099999999999,0.065264,0.0659,1340.253179
20180419110000,0.064986,0.0653,0.064986,0.0653,628.9005095999997
20180419100000,0.064943,0.065084,0.064861,0.065001,479.48686000000004
20180419090000,0.06491799999999999,0.06505,0.064821,0.06494,849.7879276
20180419080000,0.065135,0.065135,0.064789,0.064913,829.3852032000002
20180419070000,0.06514600000000001,0.065314,0.065035,0.065091,876.4197023000003
20180419060000,0.065122,0.065326,0.064756,0.06514500000000001,1519.8631294000004
20180419050000,0.065376,0.065376,0.064863,0.06502899999999999,692.7534112999998
20180419040000,0.065419,0.0656,0.06514,0.065376,1034.3865640999998
20180419030000,0.065329,0.065502,0.065114,0.06544,667.2577642000001
20180419020000,0.064791,0.065413,0.064791,0.06535,2211.9213779000006
20180419010000,0.0645,0.064916,0.06443600000000001,0.06479299999999999,935.41546
20180419000000,0.064407,0.0645,0.064231,0.064499,1081.3929019000002
20180418230000,0.064179,0.064499,0.064121,0.064362,1469.2271900000003
20180418220000,0.06414700000000001,0.0642,0.06383899999999999,0.064141,1308.9068280000004
20180418210000,0.06385,0.064162,0.063821,0.06414,1509.254222
20180418200000,0.063711,0.063894,0.063349,0.063894,2062.818635
20180418190000,0.06364,0.06375,0.06358899999999999,0.06375,420.8380121000001
20180418180000,0.063623,0.063669,0.063571,0.063641,272.11267899999996
20180418170000,0.0636,0.06365,0.06345,0.06365,794.2126081999997
20180418160000,0.063847,0.063924,0.063364,0.0636,854.247762
20180418150000,0.063855,0.063968,0.063671,0.063848,729.4110152000002
20180418140000,0.06368,0.06400800000000001,0.063591,0.063845,668.9710584999999
20180418130000,0.063842,0.063903,0.063605,0.06367,970.0173342
20180418120000,0.063689,0.06390499999999999,0.06368099999999999,0.063903,208.4053569
20180418110000,0.06355,0.06376799999999999,0.06354299999999999,0.06369,610.2350216
20180418100000,0.063574,0.063593,0.06343,0.06355,375.39151999999996
20180418090000,0.063618,0.063669,0.06335,0.063574,608.7874367999998
20180418080000,0.063571,0.063788,0.063501,0.063698,696.2921760999999
20180418070000,0.063394,0.06364199999999999,0.06335700000000001,0.063598,1154.2878077000003
20180418060000,0.064114,0.064163,0.0632,0.063394,1650.9100285000002
20180418050000,0.06397,0.064158,0.063937,0.064127,413.4983939
20180418040000,0.06391000000000001,0.064164,0.063861,0.063948,655.2472274000002
20180418030000,0.063929,0.063957,0.063792,0.063888,346.2414886000001
20180418020000,0.063833,0.064006,0.063821,0.063922,115.5185065
20180418010000,0.063724,0.063875,0.063724,0.063816,160.3513776
20180418000000,0.06373999999999999,0.06385,0.063653,0.063724,476.16958839999984
20180417230000,0.06376799999999999,0.063808,0.063682,0.063736,209.15409309999998
20180417220000,0.06396,0.0642,0.063756,0.063819,638.3210948999998
20180417210000,0.06355,0.064077,0.063391,0.063959,1248.7331587
20180417200000,0.063949,0.06404,0.063539,0.06355,429.1293326
20180417190000,0.063836,0.063983,0.063685,0.063943,596.15816
20180417180000,0.063606,0.0641,0.063385,0.06384,1694.8218976000005
20180417170000,0.063501,0.063742,0.06328099999999999,0.063679,582.079776
20180417160000,0.063499,0.063649,0.06343,0.063479,205.41957319999992
20180417150000,0.06345,0.063624,0.063399,0.063539,485.9359559000001
20180417140000,0.0636,0.06385199999999999,0.063407,0.06345,1268.1502189999997
20180417130000,0.063653,0.0638,0.06349099999999999,0.06356200000000001,628.5703790000001
20180417120000,0.063743,0.063933,0.06341000000000001,0.06355,1140.3168976999998
20180417110000,0.063689,0.063822,0.063606,0.063713,377.0739636999999
20180417100000,0.063666,0.06373,0.063544,0.063709,276.295326
20180417090000,0.0635,0.063792,0.06349199999999999,0.063654,618.5058182
20180417080000,0.063279,0.0635,0.063192,0.0635,319.5642519
20180417070000,0.06326799999999999,0.063377,0.06283899999999999,0.063277,1222.1873835999997
20180417060000,0.06335,0.0634,0.063193,0.06326699999999999,338.7655667000001
20180417050000,0.063199,0.06335,0.063163,0.06335,358.77577179999986
20180417040000,0.063166,0.0632,0.062929,0.06319,941.6035664999999
20180417030000,0.063093,0.063229,0.062862,0.0632,481.56712970000007
20180417020000,0.063294,0.063555,0.063091,0.063096,458.6466507999999
20180417010000,0.06331,0.06337999999999999,0.0631,0.06326699999999999,405.39409639999985
20180417000000,0.063514,0.063514,0.063061,0.06332,508.1868544999997
20180416230000,0.063348,0.06359,0.062976,0.063514,996.22411
20180416220000,0.063126,0.06338200000000001,0.06300800000000001,0.063358,308.16466970000005
20180416210000,0.062954,0.063263,0.06286,0.063126,296.3241239999999
20180416200000,0.063135,0.063212,0.062838,0.06296,467.6720457000001
20180416190000,0.062985,0.0633,0.062928,0.06310700000000001,1430.5919199999998
20180416180000,0.06335700000000001,0.06335700000000001,0.062851,0.062937,562.2131127
20180416170000,0.063036,0.06338400000000001,0.063013,0.063299,757.4367533999997
20180416160000,0.063157,0.06324099999999999,0.063,0.063068,249.82373560000008
20180416150000,0.06319,0.063247,0.06312000000000001,0.063182,165.78614330000005
20180416140000,0.063115,0.0633,0.062997,0.06319,354.9912528999999
20180416130000,0.06324099999999999,0.063395,0.063,0.063115,783.860912
20180416120000,0.06339700000000001,0.06348999999999999,0.063056,0.0632,720.474138
20180416110000,0.06336,0.06352000000000001,0.063282,0.063398,321.4270389999999
20180416100000,0.06345,0.06361,0.063291,0.063359,349.1916663
20180416090000,0.0635,0.06384,0.063371,0.06345,930.1681359999998
20180416080000,0.06339299999999999,0.063524,0.063313,0.06348999999999999,361.4373451
20180416070000,0.06322,0.063442,0.063072,0.063358,140.08968398000002
20180416060000,0.063015,0.063169,0.062888,0.063169,301.86581813000004
20180416050000,0.063126,0.06335199999999999,0.062956,0.063015,350.5062759999997
20180416040000,0.063401,0.063484,0.062961,0.063139,307.04416410000005
20180416030000,0.063171,0.063552,0.06304,0.063552,612.1062165000003
20180416020000,0.063182,0.0639,0.063053,0.063184,2040.51804
20180416010000,0.06366000000000001,0.063948,0.063181,0.063182,1222.1362056
20180416000000,0.0639,0.06398,0.063614,0.06364,1069.806037
20180415230000,0.06337899999999999,0.0639,0.063365,0.0639,561.5108538000001
20180415220000,0.063177,0.0634,0.06312899999999999,0.06337999999999999,493.774112
20180415210000,0.063297,0.06341000000000001,0.063175,0.063177,276.7078529
20180415200000,0.06318700000000001,0.063297,0.063093,0.063297,402.6490938
20180415190000,0.063251,0.06327,0.06286599999999999,0.063186,1284.6368468999995
20180415180000,0.063549,0.0636,0.06325,0.06325,516.6729616
20180415170000,0.063292,0.0636,0.06325499999999999,0.06355,433.041114
20180415160000,0.063086,0.06335,0.063086,0.06329299999999999,306.43475920000003
20180415150000,0.063282,0.063323,0.063067,0.063086,833.8771807000002
20180415140000,0.063203,0.06339,0.06283,0.06329,1470.3635625000002
20180415130000,0.062828,0.06336900000000001,0.062825,0.063202,503.25898090000015
20180415120000,0.062601,0.062988,0.06256,0.06285,812.4742608999999
20180415110000,0.06304900000000001,0.06314,0.062067,0.062618,4209.671844999999
20180415100000,0.06302999999999999,0.063138,0.06295,0.063028,506.99466759999996
20180415090000,0.0629,0.063288,0.06287999999999999,0.063029,1037.0988108999998
20180415080000,0.062999,0.06314700000000001,0.062731,0.0629,703.4400452
20180415070000,0.063217,0.06327,0.062878,0.063,412.0019790999999
20180415060000,0.0634,0.063449,0.063191,0.06323,358.41081699999995
20180415050000,0.06325,0.0634,0.06314199999999999,0.0634,429.0509404000001
20180415040000,0.063315,0.06335,0.063123,0.06324,295.59762190000004
20180415030000,0.063196,0.06335700000000001,0.06301699999999999,0.063315,741.5007916999999
20180415020000,0.063919,0.06395,0.0615,0.06321399999999999,19590.702835000007
20180415010000,0.062961,0.064,0.062913,0.063894,3070.6385649999997
20180415000000,0.062808,0.0632,0.06277999999999999,0.062998,1271.9812613000001
20180414230000,0.063033,0.063081,0.062801,0.062811,307.04492469999997
20180414220000,0.062889,0.06312000000000001,0.06286,0.063034,438.74737559999994
20180414210000,0.062877,0.063039,0.06285,0.06287000000000001,266.1717979
20180414200000,0.06287100000000001,0.063012,0.062774,0.06283899999999999,372.33782740000004
20180414190000,0.06241,0.06291000000000001,0.06241,0.062821,591.2068748999998
20180414180000,0.062254,0.06241,0.062107,0.062404999999999995,372.07857960000007
20180414170000,0.0622,0.06234,0.06201,0.062276,416.72152889999995
20180414160000,0.062030999999999996,0.06225,0.06185499999999999,0.0622,742.8524269999998
20180414150000,0.06180599999999999,0.062029999999999995,0.061713,0.062005,455.46373580000005
20180414140000,0.062,0.06205,0.061795,0.061795,429.79533000000015
20180414130000,0.06195,0.062061,0.06174299999999999,0.062,784.9984580000001
20180414120000,0.062273,0.062301999999999996,0.061787,0.061923,776.2200556
20180414110000,0.062111,0.062383,0.062063,0.062310000000000004,527.9919682999998
20180414100000,0.062891,0.063024,0.062095000000000004,0.062111,1383.3695559999996
20180414090000,0.06281,0.06312100000000001,0.062749,0.06285700000000001,1093.4136389
20180414080000,0.06292,0.063003,0.062776,0.06281,1008.5425201999998
20180414070000,0.062774,0.06296900000000001,0.06253099999999999,0.06292,1246.2489498999996
20180414060000,0.06277200000000001,0.062828,0.06277200000000001,0.062774,674.457085
20180414050000,0.06283,0.062944,0.062682,0.06277200000000001,592.619459
20180414040000,0.063204,0.063205,0.062752,0.062842,656.389727
20180414030000,0.063386,0.063398,0.063011,0.06319,625.6339966999999
20180414020000,0.06300700000000001,0.063498,0.062695,0.0634,836.9091629999999
20180414010000,0.06241,0.06308899999999999,0.06215,0.062938,1582.139209
20180414000000,0.06271900000000001,0.062914,0.062138,0.062421000000000004,1995.9415539999993
20180413230000,0.062725,0.06312899999999999,0.062402,0.062664,944.7842976000002
20180413220000,0.062329999999999997,0.062814,0.062030999999999996,0.062671,2102.653303
20180413210000,0.062542,0.062667,0.062123000000000005,0.062329999999999997,876.4596089000001
20180413200000,0.063079,0.06309,0.062272,0.06256,1400.3288647000004
20180413190000,0.063546,0.063547,0.06291000000000001,0.063073,1207.055439
20180413180000,0.063368,0.06356200000000001,0.06334400000000001,0.06356200000000001,1924.0179699999997
20180413170000,0.063845,0.06385,0.06335,0.06335,1382.5876027000002
20180413160000,0.063601,0.063845,0.0635,0.063845,1149.2583409999995
20180413150000,0.06348,0.063623,0.063059,0.0636,2153.4984660000005
20180413140000,0.064058,0.064149,0.063345,0.063434,3586.982883999998
20180413130000,0.06433,0.0644,0.06350399999999999,0.064061,3047.695045
20180413120000,0.06402100000000001,0.064497,0.063565,0.064327,1760.5871953
20180413110000,0.063756,0.064249,0.0635,0.06402000000000001,1012.3031000000003
20180413100000,0.0633,0.063828,0.063072,0.063721,2571.8372280000003
20180413090000,0.06429,0.064291,0.0633,0.0633,3061.8838658999994
20180413080000,0.063175,0.0646,0.062891,0.064291,5919.706469999999
20180413070000,0.062921,0.0633,0.062573,0.06317,2774.1359429999998
20180413060000,0.062328999999999996,0.062933,0.062285,0.062915,1284.7091630000004
20180413050000,0.062228,0.062438,0.062072,0.062329999999999997,1036.7063619999997
20180413040000,0.062657,0.062669,0.06214,0.06225,998.7551464999999
20180413030000,0.062582,0.06275,0.062581,0.062644,960.6806244
20180413020000,0.06213099999999999,0.06285,0.06189,0.06258999999999999,3753.79736
20180413010000,0.062224,0.0624,0.061970000000000004,0.062137,1784.7107760000004
20180413000000,0.062438,0.062953,0.061778999999999994,0.062223,2709.928570000001
20180412230000,0.062419,0.06266000000000001,0.062033000000000005,0.062393,1211.0603170000002
20180412220000,0.061986,0.062421000000000004,0.061214,0.062421000000000004,783.8453010000001
20180412210000,0.060349,0.06214,0.060349,0.061982,3102.9947100000004
20180412200000,0.060221000000000004,0.06034,0.060072,0.060307000000000006,1571.0806213000005
20180412190000,0.059751,0.060282,0.059746,0.060184,5120.057926999999
20180412180000,0.060178999999999996,0.060178999999999996,0.059033,0.059761,15112.562541
20180412170000,0.059829999999999994,0.060244000000000006,0.059473000000000005,0.060129999999999996,1183.4787322999996
20180412160000,0.060899,0.0609,0.059625,0.059789999999999996,1211.5032656
20180412150000,0.061,0.0611,0.060708000000000005,0.060899,1041.449744
20180412140000,0.06025,0.0611,0.06006,0.061,1440.0850879999998
20180412130000,0.0601,0.06031,0.059973,0.060242,3423.14811
20180412120000,0.0597,0.060288,0.0592,0.060051,5331.3626589999985
20180412110000,0.062523,0.062523,0.0588,0.059701,17163.85177
20180412100000,0.0619,0.0627,0.061899,0.062523,3247.737868
20180412090000,0.061841,0.0619,0.0617,0.0619,1414.0642879999998
20180412080000,0.061808,0.06185,0.0617,0.061842999999999995,1076.8526900000002
20180412070000,0.061360000000000005,0.061809,0.061049,0.061803,2620.485269999999
20180412060000,0.062453999999999996,0.06249299999999999,0.061321,0.061387,2016.6974399999997
20180412050000,0.06261699999999999,0.06265,0.06238,0.062479,1143.9417199999998
20180412040000,0.06281,0.062908,0.062341999999999995,0.062618,1596.2829290000002
20180412030000,0.062699,0.06299099999999999,0.062421000000000004,0.06281,2659.2840899999997
20180412020000,0.062301,0.0627,0.062301,0.062699,1909.0155100000006
20180412010000,0.06249299999999999,0.06249299999999999,0.062215999999999994,0.062301,1426.2344199999998
20180412000000,0.061888,0.0625,0.061787,0.06249400000000001,1647.0565721000003
20180411230000,0.060980999999999994,0.06205,0.060967999999999994,0.061842999999999995,4286.075522000001
20180411220000,0.060945000000000006,0.06104,0.060921,0.060986,787.4873829999999
20180411210000,0.06095,0.061,0.060892999999999996,0.060946,665.0117753999999
20180411200000,0.061032,0.061041,0.060860000000000004,0.06095,379.9560896000001
20180411190000,0.0611,0.0611,0.060943,0.061032,1470.373276
20180411180000,0.061012000000000004,0.061378999999999996,0.060774,0.0611,956.7176524000001
20180411170000,0.06072,0.061286,0.0607,0.061012000000000004,2401.0931040000005
20180411160000,0.060676999999999995,0.0608,0.060666,0.06072,859.4846269
20180411150000,0.061029999999999994,0.061029999999999994,0.060676999999999995,0.060676999999999995,599.5903983
20180411140000,0.060686000000000004,0.061084000000000006,0.060619000000000006,0.061029999999999994,3648.848063
20180411130000,0.06068200000000001,0.060911,0.060575,0.060699,3008.4039571000003
20180411120000,0.060483,0.06080599999999999,0.060411,0.060695000000000006,870.8299390000001
20180411110000,0.06041900000000001,0.060578999999999994,0.06025,0.060507000000000005,2244.3397480999997
20180411100000,0.060757000000000005,0.060815999999999995,0.0604,0.0604,2929.69231
20180411090000,0.0607,0.0607,0.060690999999999995,0.060698,18.6804
20180411080000,0.060881,0.060933,0.06062000000000001,0.0607,2429.8992535999996
20180411070000,0.061001,0.06118,0.060809,0.060875,860.9426880000001
20180411060000,0.061157,0.061237,0.060925,0.061,660.9666110999999
20180411050000,0.06071,0.061525,0.060709000000000006,0.061171,2897.1943918999996
20180411040000,0.06055,0.06071,0.06047999999999999,0.06071,368.85535489999984
20180411030000,0.060812,0.060849,0.06045,0.06054299999999999,714.5060646999998
20180411020000,0.060747,0.06095,0.06074500000000001,0.060814,413.1843680000001
20180411010000,0.061,0.061009,0.060631,0.060779,1024.337829
20180411000000,0.06072,0.06121,0.06071,0.061,952.914265
20180410230000,0.06035,0.060722000000000005,0.06031,0.06072,527.0003863
20180410220000,0.060410000000000005,0.06088,0.06019,0.060346000000000004,1708.2382181999994
20180410210000,0.060069000000000004,0.060458000000000005,0.060069000000000004,0.06041900000000001,1107.0907012
20180410200000,0.060061,0.0602,0.059830999999999995,0.060069000000000004,1246.2229511999997
20180410190000,0.05997,0.060088,0.059801,0.06005,443.3989519999999
20180410180000,0.059932000000000006,0.060178999999999996,0.0598,0.05996900000000001,1171.0861130000005
20180410170000,0.059526,0.059942999999999996,0.059526,0.05993099999999999,859.5750430999999
20180410160000,0.05952,0.059891,0.0595,0.059526,766.7389570000001
20180410150000,0.059096,0.059552,0.058994000000000005,0.059519,846.4575412999999
20180410140000,0.059000000000000004,0.05926,0.058995000000000006,0.059096,429.130632
20180410130000,0.05889400000000001,0.05901699999999999,0.058891,0.058997,287.47599080000003
20180410120000,0.058798,0.059051,0.058797,0.05889400000000001,649.4799459999999
20180410110000,0.058543,0.05890599999999999,0.0584,0.058799000000000004,601.829749
20180410100000,0.058694,0.05882999999999999,0.058355,0.058526999999999996,1439.8892871000003
20180410090000,0.058767999999999994,0.058845,0.05852,0.058695000000000004,1287.8596155
20180410080000,0.05892000000000001,0.059137999999999996,0.05865599999999999,0.05876900000000001,1536.2979378000002
20180410070000,0.059046,0.059120000000000006,0.058884000000000006,0.05892000000000001,420.72568472000006
20180410060000,0.059243,0.05935599999999999,0.059073,0.059075,663.7572779999999
20180410050000,0.05915,0.0594,0.059149,0.059240999999999995,887.4530579999998
20180410040000,0.058884000000000006,0.059241999999999996,0.058836,0.059149,1444.1676116999997
20180410030000,0.058846,0.058891,0.05869,0.058878,603.6900873
20180410020000,0.058879999999999995,0.058887,0.058822,0.058847000000000003,530.7590680000002
20180410010000,0.058814,0.0589,0.05875,0.058878999999999994,298.5949678
20180410000000,0.058887,0.058927,0.058700999999999996,0.05881,619.2921284999999
20180409230000,0.05878200000000001,0.058903,0.058712,0.058887,401.56334100000004
20180409220000,0.058886,0.058928999999999995,0.058710000000000005,0.05878200000000001,579.6925781
20180409210000,0.058549000000000004,0.058990999999999995,0.058522000000000005,0.058879999999999995,605.5947500000001
20180409200000,0.059079999999999994,0.059080999999999995,0.058494000000000004,0.058543,338.48335999999995
20180409190000,0.059358,0.059396000000000004,0.059022000000000005,0.05906,2331.3987106
20180409180000,0.059134000000000006,0.059584000000000005,0.059134000000000006,0.059382000000000004,2821.154228
20180409170000,0.05886,0.059191999999999995,0.058716,0.059124,949.2993920000004
20180409160000,0.058991999999999996,0.059058000000000006,0.05885,0.05886,894.3725969000001
20180409150000,0.05840700000000001,0.059025,0.058398,0.059001,1796.0606145999998
20180409140000,0.058338,0.05845,0.05791,0.058408,1479.5567019999994
20180409130000,0.058561,0.058678999999999995,0.058352,0.058352,593.5103914000001
20180409120000,0.05855,0.059033,0.058429999999999996,0.058591,979.9999519999997
20180409110000,0.059319000000000004,0.05939,0.058511,0.058574,1973.7446709999997
20180409100000,0.05942000000000001,0.06017,0.059224,0.059319000000000004,3477.1187140000006
20180409090000,0.06,0.060078,0.058966,0.05942000000000001,5363.275590000003
20180409080000,0.05874,0.060059,0.05874,0.06,4983.061817999998
20180409070000,0.057869000000000004,0.058749,0.057841,0.05874,8878.481369
20180409060000,0.058142,0.058185,0.057721,0.057870000000000005,4142.2846387
20180409050000,0.057620000000000005,0.05828,0.057430999999999996,0.058142,8935.884903040002
20180409040000,0.057721,0.057901,0.057378,0.057622,3755.3598078999994
20180409030000,0.057414,0.057738,0.057339999999999995,0.057734,2051.5819676
20180409020000,0.0577,0.057999999999999996,0.057379999999999994,0.057415,5444.7362330000005
20180409010000,0.057758000000000004,0.057926,0.057648000000000005,0.0577,464.11487539999985
20180409000000,0.057032000000000006,0.057807000000000004,0.05703099999999999,0.05774,2002.8018697999998
20180408230000,0.057054999999999995,0.0574,0.056964,0.05703099999999999,9576.355326000003
20180408220000,0.056902,0.05766,0.056889,0.057002,15417.0938204
20180408210000,0.057234,0.0574,0.05684500000000001,0.056901,10626.135170000001
20180408200000,0.057106,0.0575,0.057038,0.057234,5498.3018758
20180408190000,0.056902999999999995,0.057285,0.056902999999999995,0.057103999999999995,689.6465791999999
20180408180000,0.05671,0.056902999999999995,0.05664500000000001,0.056902999999999995,298.87715649999996
20180408170000,0.056889,0.056902,0.056579,0.05671,746.0275988999997
20180408160000,0.056954,0.057034,0.056854999999999996,0.056889,654.4249171000004
20180408150000,0.05669299999999999,0.057157000000000006,0.056597,0.056953,902.6951965
20180408140000,0.056774,0.056774,0.056589,0.056699,311.1838406
20180408130000,0.056889999999999996,0.056892,0.056701,0.05678,352.8927877
20180408120000,0.056472,0.056889999999999996,0.056389,0.056889999999999996,394.24144290000004
20180408110000,0.056166999999999995,0.056742999999999995,0.056103,0.056477,952.1400663000001
20180408100000,0.056179,0.056288,0.056121000000000004,0.056170000000000005,220.2453056
20180408090000,0.056251,0.05631,0.056031,0.056147,232.74615019999996
20180408080000,0.056195,0.0563,0.05619,0.056222,411.3309789999999
20180408070000,0.055920000000000004,0.0562,0.055920000000000004,0.056197000000000004,293.64114799999993
20180408060000,0.055899000000000004,0.055920000000000004,0.055817,0.055920000000000004,370.4967986
20180408050000,0.05586,0.0561,0.05583,0.0559,499.16574429999986
20180408040000,0.055892,0.055892,0.0557,0.05586,425.9144177
20180408030000,0.055638,0.05585,0.0556,0.05585,727.6245428
20180408020000,0.055666999999999994,0.055725,0.055515999999999996,0.055643,153.53907199999998
20180408010000,0.05575,0.05587,0.055648,0.05565,1429.034180799999
20180408000000,0.055855999999999996,0.055907000000000005,0.05575,0.05575,848.4525753999999
20180407230000,0.055683,0.056042999999999996,0.055509,0.055855999999999996,364.56122199999976
20180407220000,0.055995,0.05605,0.055678,0.055682,256.0087941
20180407210000,0.055916999999999994,0.05607,0.055872000000000005,0.055991,395.3237781999999
20180407200000,0.055718,0.055999999999999994,0.055639,0.055917999999999995,252.96085349999998
20180407190000,0.055571,0.055798,0.055487,0.055718,240.90377130000002
20180407180000,0.05582,0.055897,0.05555,0.05557,311.5836959
20180407170000,0.055781,0.056011,0.05575700000000001,0.055774000000000004,388.68371549999995
20180407160000,0.055361,0.055975,0.055209,0.055778999999999995,1675.1674170000003
20180407150000,0.055640999999999996,0.05565,0.055104999999999994,0.055357,1314.8173890000003
20180407140000,0.055640999999999996,0.055769000000000006,0.055639999999999995,0.055640999999999996,1407.7940839999997
20180407130000,0.055802,0.055851,0.055639999999999995,0.055639999999999995,665.512321
20180407120000,0.055691,0.055849,0.055573000000000004,0.055802,1506.246908
20180407110000,0.055578999999999996,0.055747000000000005,0.055522,0.055682,422.0737522999999
20180407100000,0.055679,0.055726,0.05555,0.05558,262.800397
20180407090000,0.055585,0.055799,0.055585,0.055689999999999996,544.6557399000001
20180407080000,0.055636,0.055816,0.055489,0.055607000000000004,1035.6726689999998
20180407070000,0.055604999999999995,0.055671000000000005,0.055562,0.05565,201.03066940000002
20180407060000,0.055651,0.05575,0.055452999999999995,0.055636,516.0033073000001
20180407050000,0.055545000000000004,0.055667999999999995,0.055372000000000005,0.055667999999999995,416.383427
20180407040000,0.055609000000000006,0.055702999999999996,0.05554,0.055545000000000004,271.1968539999999
20180407030000,0.055427,0.055739,0.05537,0.055638,524.0788259999999
20180407020000,0.055332000000000006,0.055597,0.05532,0.055427,312.7326081
20180407010000,0.055876,0.055925,0.055342999999999996,0.05536900000000001,1192.1512616
20180407000000,0.055866,0.055919,0.05574,0.055852,279.83004800000003
20180406230000,0.055994,0.056077999999999996,0.055812,0.055812,239.5316753
20180406220000,0.055978,0.055999,0.055843,0.055954,164.9462187
20180406210000,0.055980999999999996,0.056003,0.055872000000000005,0.05594,247.8882555000001
20180406200000,0.055974,0.056015999999999996,0.055851,0.05597100000000001,100.7163588
20180406190000,0.055978999999999994,0.05604,0.05587,0.055928,274.6461426
20180406180000,0.055848,0.05616,0.055800999999999996,0.055911,1094.0415533000003
20180406170000,0.055776,0.05585,0.05562,0.055826,543.1720984
20180406160000,0.055517,0.055897,0.055496000000000004,0.055760000000000004,1507.8967646000003
20180406150000,0.055521,0.055588,0.055397,0.055555999999999994,1147.3932350000002
20180406140000,0.05567999999999999,0.05574199999999999,0.05552000000000001,0.055521,390.0843051
20180406130000,0.055689999999999996,0.05584,0.05554,0.055682,671.1306054999998
20180406120000,0.05577000000000001,0.055922,0.055646,0.055699,819.7205597999998
20180406110000,0.055822000000000004,0.055928,0.055635000000000004,0.055751999999999996,654.9011905000001
20180406100000,0.056199,0.056236,0.055688,0.055764,659.7078447
20180406090000,0.056116,0.056290999999999994,0.056012,0.056225,387.23829010000003
20180406080000,0.055625,0.056180999999999995,0.05554,0.056097,1382.1778119999994
20180406070000,0.055941,0.055941,0.055529999999999996,0.055624,599.7940179999998
20180406060000,0.055677,0.056175,0.055675,0.055952999999999996,1111.2851147000001
20180406050000,0.055663,0.055836000000000004,0.055572,0.055679,737.5119996000001
20180406040000,0.055938,0.055938999999999996,0.055517,0.055663,307.93345199999993
20180406030000,0.055980999999999996,0.056063,0.055938,0.055951,490.74804429999995
20180406020000,0.055999999999999994,0.056188,0.055906,0.055979999999999995,307.64014499999996
20180406010000,0.056357000000000004,0.056427,0.05594,0.056001999999999996,822.2796880000003
20180406000000,0.056294000000000004,0.056426,0.056246000000000004,0.056357000000000004,451.4430422999999
20180405230000,0.056198000000000005,0.05637,0.056192,0.056336000000000004,577.7081076999999
20180405220000,0.055919,0.056258,0.055853,0.056198000000000005,1058.8148719999997
20180405210000,0.055907000000000005,0.056187,0.05584,0.055897,540.3862340000001
20180405200000,0.055599,0.05600700000000001,0.055599,0.05591,819.4414330000002
20180405190000,0.055938999999999996,0.055947000000000004,0.05550700000000001,0.0556,750.1060350000001
20180405180000,0.055886,0.056038,0.05577000000000001,0.05594400000000001,614.1434681000001
20180405170000,0.055858000000000005,0.056051,0.055781,0.055889999999999995,588.85628
20180405160000,0.056001999999999996,0.056377,0.05581799999999999,0.055886,1018.4491480000002
20180405150000,0.056175,0.056383,0.055720000000000006,0.056003,1889.1478789999992
20180405140000,0.056083,0.05632,0.055942,0.056185,3266.2347890000005
20180405130000,0.05628,0.05628,0.055909,0.05604,777.1506931000002
20180405120000,0.05596,0.056308000000000004,0.055911,0.05627000000000001,841.8213590000004
20180405110000,0.055975,0.056228999999999994,0.05595,0.055955,748.2453371
20180405100000,0.05585,0.056058000000000004,0.055827999999999996,0.056009,434.45557190000005
20180405090000,0.055709,0.05597100000000001,0.055639999999999995,0.055851,525.9682954
20180405080000,0.05584600000000001,0.056013,0.055463,0.055718,848.7102079999997
20180405070000,0.055942,0.055975,0.05558,0.055869,1956.0290200000004
20180405060000,0.055760000000000004,0.055995,0.05557,0.055901,813.5578429000001
20180405050000,0.055911,0.056142,0.055742999999999994,0.055760000000000004,1205.9661259999998
20180405040000,0.056025,0.056026,0.055664,0.055911,1160.094819
20180405030000,0.055974,0.056065,0.055909,0.056023,914.3868215000002
20180405020000,0.05575599999999999,0.055996000000000004,0.055476,0.05595,1322.0153615000002
20180405010000,0.055572,0.055861,0.055461,0.05575499999999999,563.2391117999999
20180405000000,0.055680999999999994,0.055760000000000004,0.055467999999999996,0.05559,678.9262768000001
20180404230000,0.055673,0.055938999999999996,0.05557,0.05567999999999999,1225.3863576999997
20180404220000,0.055442,0.0558,0.055355999999999995,0.055675999999999996,615.0951862000001
20180404210000,0.055840999999999995,0.055840999999999995,0.05542999999999999,0.055442,626.7949698999998
20180404200000,0.05557,0.0559,0.055548,0.055840999999999995,1172.453771
20180404190000,0.05538,0.055758,0.05532,0.055548,650.8965366000001
20180404180000,0.055347,0.055799,0.055232,0.055420000000000004,992.5097199999999
20180404170000,0.055050999999999996,0.055425999999999996,0.05505,0.055345000000000005,1324.1901799999998
20180404160000,0.054587000000000004,0.055146,0.054567,0.055050999999999996,1489.6395694000007
20180404150000,0.054440999999999996,0.054676,0.054000000000000006,0.054583000000000007,2850.234673
20180404140000,0.054491,0.05459,0.054280999999999996,0.05446,2189.253193000001
20180404130000,0.05458,0.054666,0.054301999999999996,0.054501999999999995,1352.0167189999997
20180404120000,0.054465999999999994,0.054679,0.0544,0.05458,1417.8561300000001
20180404110000,0.053610000000000005,0.05467,0.053610000000000005,0.054466999999999995,3832.876388000001
20180404100000,0.054955,0.055020000000000006,0.053591999999999994,0.053609000000000004,6529.604690000001
20180404090000,0.055233000000000004,0.05525,0.054792999999999994,0.054952999999999995,1568.9796649999998
20180404080000,0.055166,0.055347,0.055028999999999995,0.055234000000000005,610.7648851000001
20180404070000,0.055060000000000005,0.055259,0.055060000000000005,0.05516,378.4434562
20180404060000,0.054963,0.055185000000000005,0.05495,0.055084,942.4741508000001
20180404050000,0.054962000000000004,0.0551,0.05495,0.054963,479.21521520000005
20180404040000,0.055138,0.055138,0.054920000000000004,0.055001,321.9435193
20180404030000,0.055096000000000006,0.055355999999999995,0.05506799999999999,0.05513200000000001,461.4074979
20180404020000,0.055357,0.055479999999999995,0.05501,0.0551,941.065355
20180404010000,0.056191,0.056191,0.055309000000000004,0.055357,1387.7661136
20180404000000,0.056108000000000005,0.05624,0.055704,0.056179,825.1924950000001
20180403230000,0.055913,0.05609,0.055760000000000004,0.056044000000000004,713.7466752000001
20180403220000,0.055875,0.056047,0.055622000000000005,0.055929,872.4353201999998
20180403210000,0.05588099999999999,0.056013,0.055652,0.055875,882.7660219999999
20180403200000,0.055344000000000004,0.056285,0.055341999999999995,0.05589500000000001,2686.057252
20180403190000,0.055036,0.0558,0.055009,0.055344000000000004,1308.687867
20180403180000,0.054838,0.055108000000000004,0.054691,0.055067,1231.2307519999997
20180403170000,0.054730999999999995,0.054975,0.054698000000000004,0.054824,782.0988639999998
20180403160000,0.054712000000000004,0.054842999999999996,0.0546,0.054730999999999995,719.9085038000003
20180403150000,0.054762,0.054929,0.054712000000000004,0.054712000000000004,883.8185666999998
20180403140000,0.054791999999999993,0.054857,0.054624,0.054762,480.5759111
20180403130000,0.0547,0.054911,0.054590999999999994,0.054774,869.6039425000001
20180403120000,0.054537,0.054901,0.054465,0.054697,752.0595469000001
20180403110000,0.054495,0.054597,0.054344,0.054545,1015.0833156000001
20180403100000,0.054684,0.054804,0.054428,0.054480999999999995,1764.2464866999997
20180403090000,0.054296000000000004,0.054685000000000004,0.054187,0.054684,1041.73729
20180403080000,0.054263,0.0544,0.054134,0.054291,835.1728217
20180403070000,0.054054,0.054311,0.054032000000000004,0.054282000000000004,459.9871858
20180403060000,0.053898,0.054079999999999996,0.053821,0.054061,398.83320729999997
20180403050000,0.05393099999999999,0.053972000000000006,0.05361799999999999,0.05387,1846.6716602000006
20180403040000,0.05438200000000001,0.054569000000000006,0.053826,0.05393200000000001,2780.8079470000002
20180403030000,0.054296000000000004,0.05468200000000001,0.054276,0.054393,964.630808
20180403020000,0.054153,0.054376999999999995,0.054023,0.054275,717.8121707
20180403010000,0.054433,0.054433,0.054153,0.054153,347.43592400000006
20180403000000,0.0545,0.054713,0.054433,0.054433,967.527914
20180402230000,0.054482,0.054541,0.054482,0.0545,439.64302440000006
20180402220000,0.05463099999999999,0.054654999999999995,0.054342999999999995,0.054480999999999995,459.4793624
20180402210000,0.05461799999999999,0.054683,0.05444500000000001,0.054638,566.4121809999998
20180402200000,0.054674,0.054680999999999993,0.054433,0.054625,610.7679823
20180402190000,0.055042999999999995,0.055090999999999994,0.05459,0.054674,1626.5311929999998
20180402180000,0.055023,0.055091999999999995,0.055,0.055041999999999994,310.46288589999995
20180402170000,0.055251999999999996,0.055253,0.055,0.055023,336.2467507
20180402160000,0.055411,0.055501,0.055234000000000005,0.055258,483.2373264000001
20180402150000,0.055696,0.055879,0.05536699999999999,0.055378,674.6024389999999
20180402140000,0.055577,0.055699,0.05534,0.055697,743.6918990000001
20180402130000,0.055298,0.055689999999999996,0.05529,0.055560000000000005,804.281044
20180402120000,0.055464,0.055465,0.055182,0.055291,1152.281868
20180402110000,0.055393,0.0555,0.05537,0.055464,1402.9140700000003
20180402100000,0.055438,0.055547000000000006,0.055251999999999996,0.055401,676.2451619999999
20180402090000,0.055521,0.05567999999999999,0.055390999999999996,0.05545800000000001,686.1848978999999
20180402080000,0.055011000000000004,0.055589,0.054979999999999994,0.055544,594.5628977999999
20180402070000,0.0553,0.055439999999999996,0.054904999999999995,0.055001,987.4247164
20180402060000,0.055394000000000006,0.055504,0.05524,0.05525599999999999,495.79617220000006
20180402050000,0.055055999999999994,0.055394000000000006,0.055055999999999994,0.055393,393.2062989
20180402040000,0.054871,0.055055999999999994,0.054855999999999995,0.055055999999999994,207.58929140000004
20180402030000,0.054895000000000006,0.055087,0.054844000000000004,0.054939999999999996,238.2696956000001
20180402020000,0.0549,0.055033000000000006,0.05472899999999999,0.054897,542.6825032000004
20180402010000,0.054903,0.05513200000000001,0.054901,0.054901,497.5333009999998
20180402000000,0.05552000000000001,0.055554,0.054730999999999995,0.054902,1471.3835090000002
20180401230000,0.055401,0.055719000000000005,0.05538200000000001,0.055531,248.07521267000007
20180401220000,0.055437,0.05574400000000001,0.055340999999999994,0.055389999999999995,884.622212
20180401210000,0.055424,0.05545,0.05533,0.055445,501.85075379999995
20180401200000,0.055508,0.055539,0.055229999999999994,0.055420000000000004,368.0718688
20180401190000,0.055607000000000004,0.055855999999999996,0.05539500000000001,0.055508,844.0855720000002
20180401180000,0.055634,0.055907000000000005,0.055519000000000006,0.055649000000000004,556.7397509999998
20180401170000,0.05508099999999999,0.055903999999999995,0.055061,0.055621000000000004,1457.5172147000003
20180401160000,0.055902,0.055968,0.055058,0.05508099999999999,2588.382411000001
20180401150000,0.055886,0.056128,0.055764,0.055901,678.1932145999998
20180401140000,0.05609,0.056155,0.055464,0.055886,2318.109229
20180401130000,0.05616,0.0562,0.055815,0.056090999999999995,1304.967226
20180401120000,0.05602000000000001,0.056163,0.055929999999999994,0.056163,343.2603618000001
20180401110000,0.056470000000000006,0.056511,0.055963,0.056010000000000004,547.5182102
20180401100000,0.056679999999999994,0.056696,0.05634,0.056480999999999996,706.1290560000001
20180401090000,0.056273000000000004,0.05667899999999999,0.056022,0.056678,706.6024910000001
20180401080000,0.056101,0.056378,0.0561,0.056277999999999995,264.71762590000003
20180401070000,0.056428,0.056510000000000005,0.05569400000000001,0.0561,2380.7056821999995
20180401060000,0.056959,0.057039,0.056311,0.056427,1547.0740793999998
20180401050000,0.056811,0.056982000000000005,0.056722,0.056939,168.1549617
20180401040000,0.056777999999999995,0.056837,0.056704,0.05680399999999999,133.8129439
20180401030000,0.056852,0.056932,0.056696,0.056777999999999995,221.58126630000004
20180401020000,0.056665999999999994,0.056927,0.056636,0.056870000000000004,502.4503462
20180401010000,0.056551,0.056667999999999996,0.056541999999999995,0.056665999999999994,199.97068519999996
20180401000000,0.05681,0.056870000000000004,0.05653,0.056554999999999994,689.2319998
20180331230000,0.056863,0.056999,0.056794000000000004,0.056851,268.03462119999995
20180331220000,0.056813999999999996,0.057010000000000005,0.056750999999999996,0.056867999999999995,565.2247882000001
20180331210000,0.057009000000000004,0.057076999999999996,0.056752,0.056816,965.0539125
